歳入 （単位　千円）
科目 予算現額 収入済額 予算現額と収入済額との比較
市税 282,721,346 285,253,822 2,532,476
地方譲与税 3,616,321 3,576,139 -40,182
利子割交付金 543,661 586,595 42,934
配当割交付金 572,736 663,807 91,071
株式等譲渡所得割交付金 145,608 184,679 39,071
地方消費税交付金 12,486,372 12,463,771 -22,601
ｺﾞﾙﾌ場利用税交付金 34,636 36,117 1,481
自動車取得税交付金 1,768,452 1,861,359 92,907
軽油引取税交付金 3,914,479 3,935,292 20,813
地方特例交付金 1,219,836 1,167,976 -51,860
地方交付税 1,537,453 1,651,378 113,925
交通安全対策特別交付金 464,474 388,059 -76,415
分担金及び負担金 9,275,714 8,985,958 -289,756
使用料及び手数料 15,556,534 14,598,199 -958,335
国庫支出金 105,157,314 95,716,486 -9,440,828
県支出金 21,470,881 19,816,439 -1,654,442
財産収入 4,548,643 4,075,429 -473,214
寄附金 459,615 167,001 -292,614
繰入金 26,931,814 11,677,188 -15,254,626
繰越金 4,244,333 4,244,333 0
諸収入 45,949,270 44,003,646 -1,945,624
市債 79,508,000 55,208,000 -24,300,000
合計 622,127,492 570,261,673 -51,865,819

歳出 （単位　千円）
区分 科目 予算現額 支出済額 予算現額と支出済額との比較 翌年度繰越額 不用額
議会費 議会費 1,753,270 1,737,527 15,743 0 15,743
総務費 総務費 47,709,574 44,105,290 3,604,284 574,235 3,030,049
総務費 市民費 7,198,667 6,980,802 217,865 18,083 199,782
福祉費 こども費 82,105,770 79,936,770 2,169,000 509,271 1,659,729
福祉費 健康福祉費 129,562,543 125,782,168 3,780,375 667,089 3,113,286
環境費 環境費 18,015,144 17,339,428 675,716 27,909 647,807
経済労働費 経済労働費 37,190,223 36,813,234 376,989 0 376,989
環境費 建設緑政費 40,844,010 26,917,519 13,926,491 11,052,128 2,874,363
都市整備費 港湾費 9,355,638 6,659,459 2,696,179 1,630,321 1,065,858
都市整備費 まちづくり費 28,973,302 23,992,667 4,980,635 1,923,025 3,057,610
総務費 区役所費 14,515,223 13,295,361 1,219,862 544,337 675,525
治安費 消防費 16,892,277 16,284,506 607,771 0 607,771
教育費 教育費 51,041,586 45,620,676 5,420,910 3,653,965 1,766,945
公債費 公債費 71,861,385 71,776,741 84,644 0 84,644
諸支出金 諸支出金 64,734,672 50,112,632 14,622,040 0 14,622,040
予備費 予備費 374,208 0 374,208 0 374,208
合計 622,127,492 567,354,780 54,772,712 20,600,363 34,172,349
